182987
732
711
724
388
252
688
369
246
333
529
730
712
597
461
544
604
715
696
695
724
558
312
255
730
53
648
725
59
726
459
153
673
557
709
32
558
714
381
288
153
320
77
119
147
726
267
242
40
429
64
140
356
242
593
513
720
546
723
725
222
25
716
573
651
675
403
573
709
693
107
56
212
97
163
225
723
582
590
389
597
1
720
288
16
602
608
40
64
573
97
573
608
480
624
658
719
1
520
560
378
386
276
456
492
558
717
720
158
298
40
160
547
608
571
243
327
604
273
547
145
251
145
74
224
720
97
393
261
505
277
727
50
97
226
699
393
408
439
533
573
37
296
727
260
181
94
94
604
626
214
42
561
249
102
50
288
521
591
47
259
90
156
145
21
700
7
183
544
706
631
702
262
728
281
55
622
630
639
52
44
42
673
275
642
720
688
233
121
270
163
626
677
591
724
227
237
290
78
304
475
297
721
562
78
695
169
180
232
366
54
385
703
50
494
7
95
670
690
358
42
570
237
464
162
366
24
306
609
730
304
370
665
81
579
181
308
4
339
98
447
256
237
380
567
505
167
717
560
202
204
203
385
225
206
203
216
395
203
231
232
239
298
663
350
385
399
395
300
301
304
168
395
254
395
385
232
168
395
206
301
395
370
218
663
219
298
396
371
396
231
239
382
403
298
301
447
452
399
460
395
463
395
399
477
114
477
400
478
403
232
403
243
201
202
203
219
478
481
551
567
585
501
501
501
503
418
239
298
350
418
505
300
418
419
426
506
506
403
536
426
301
371
243
426
447
477
452
67
306
501
480
308
501
639
92
93
460
100
114
93
121
551
536
460
607
536
93
169
536
537
216
201
202
536
551
204
559
537
477
216
217
350
218
219
231
93
232
536
239
659
559
243
205
206
298
300
301
304
551
306
646
308
309
588
569
607
546
350
352
452
353
352
370
546
371
646
546
380
201
100
639
304
382
353
385
370
371
396
598
380
547
537
170
216
217
396
403
632
418
555
418
419
600
547
299
426
452
659
559
480
477
382
480
501
477
646
563
536
569
537
663
546
547
546
385
395
501
300
419
545
396
399
559
301
218
219
546
66
480
607
121
547
304
646
588
403
551
639
547
639
607
558
646
305
52
246
336
358
506
560
203
52
560
633
511
465
399
716
660
271
652
686
540
396
576
22
167
647
725
654
579
241
163
728
396
494
265
678
575
588
329
98
50
635
182
386
731
538
103
50
167
237
327
563
33
107
301
145
277
635
168
581
619
515
488
416
268
515
515
76
206
719
455
717
324
597
72
115
407
76
294
430
53
438
727
80
33
668
54
146
240
447
638
297
541
495
638
443
505
706
105
709
129
110
307
171
136
661
515
115
612
675
175
195
45
97
670
94
570
339
451
112
339
310
255
337
563
394
419
604
194
143
175
61
441
158
419
254
56
567
679
233
621
351
601
271
51
618
128
447
601
661
261
46
202
57
46
44
572
635
26
447
719
712
194
257
570
14
519
613
187
426
115
654
618
476
43
248
688
29
699
94
420
730
40
137
333
129
386
569
329
505
209
72
577
505
83
129
113
534
328
500
715
140
148
400
237
210
485
117
520
113
727
258
673
699
520
561
189
558
618
561
63
474
160
537
681
204
652
488
261
129
660
63
539
48
519
429
14
179
164
377
534
329
556
699
650
635
166
122
503
667
604
297
425
570
354
601
400
656
259
129
698
503
723
668
143
57
166
27
100
31
690
137
148
59
437
9
612
123
683
703
505
71
698
671
650
674
221
253
44
52
712
260
724
666
638
57
697
525
723
605
74
52
663
223
7
520
58
416
271
73
241
440
493
74
327
513
266
109
654
50
196
81
665
393
602
662
413
40
5
577
413
715
440
128
263
135
27
591
0
168
29
81
27
206
605
243
43
81
259
285
580
25
602
493
519
226
188
546
482
576
466
446
109
109
613
7
573
96
88
282
115
269
650
33
602
49
466
128
145
273
730
490
195
649
44
137
378
340
554
534
185
632
551
190
35
657
73
545
220
250
334
411
427
492
345
25
605
681
53
601
120
455
278
497
715
83
55
555
6
202
725
322
118
44
365
254
150
579
239
108
46
624
270
189
76
529
5
637
265
333
196
322
668
108
188
702
434
56
189
728
83
59
102
397
356
73
397
157
107
230
677
84
322
190
386
74
23
420
131
53
458
126
554
417
53
503
41
549
166
711
282
271
185
201
643
185
130
707
497
359
182
653
520
685
520
711
98
67
356
379
17
579
110
476
728
616
549
107
663
73
169
173
722
453
499
600
101
520
492
428
88
258
493
730
293
408
294
31
539
67
445
368
65
649
576
643
46
351
258
267
540
346
320
675
372
683
281
437
445
680
83
493
193
230
563
645
241
445
20
21
422
351
493
571
449
330
287
83
499
233
36
675
453
219
422
691
670
682
592
84
476
336
565
571
95
74
706
405
26
490
484
357
293
694
104
138
543
60
43
190
438
97
435
103
287
571
239
420
605
301
695
731
476
499
170
698
590
200
453
17
68
253
534
479
101
499
102
598
97
384
36
39
711
685
705
132
248
63
203
298
598
104
417
518
3
688
68
700
640
243
371
373
449
584
17
52
579
170
139
52
457
162
492
52
185
702
226
307
449
390
600
466
625
543
254
27
605
669
671
694
127
34
449
245
331
353
420
255
32
246
215
643
528
326
551
68
721
560
419
611
450
301
36
137
137
17
25
108
97
722
720
449
12
251
129
109
501
272
547
109
354
304
693
63
125
229
319
551
222
17
469
726
553
717
236
191
193
89
491
138
194
265
419
449
394
344
249
284
355
89
84
325
145
116
721
24
729
297
48
59
344
612
366
377
542
45
721
720
67
424
424
719
731
555
170
592
645
683
669
239
88
539
112
601
1
105
544
691
381
169
640
254
321
37
167
197
43
266
45
335
48
628
113
720
84
81
486
109
306
681
507
689
162
337
721
601
429
104
416
361
32
532
32
625
301
271
317
55
220
617
103
407
106
63
548
441
561
96
531
694
66
627
98
61
41
272
372
722
206
377
365
113
361
333
624
104
690
98
689
13
717
291
577
606
683
254
589
2
587
205
104
208
47
39
632
625
652
674
39
684
155
344
68
550
397
24
263
217
184
548
333
681
583
71
366
53
728
408
150
185
48
250
617
99
583
98
184
171
398
54
261
375
146
688
347
194
429
27
429
607
84
259
134
583
447
197
655
124
354
69
12
548
689
115
424
314
238
81
443
671
158
723
125
254
551
542
106
371
259
588
338
9
187
59
142
155
115
84
724
34
383
629
52
215
389
659
656
360
713
447
360
252
360
599
32
323
129
331
646
685
24
265
571
271
192
724
424
53
94
676
265
715
215
569
428
412
377
316
537
429
96
53
339
339
543
98
107
38
728
286
122
217
129
316
608
655
117
441
316
668
384
511
433
648
710
246
663
126
716
507
232
277
570
656
40
375
696
126
507
166
591
588
656
624
663
32
334
97
59
104
288
644
190
661
110
532
126
142
402
609
196
184
449
433
553
225
44
28
224
238
37
687
597
74
335
49
457
71
344
375
351
484
103
376
49
314
252
471
712
74
569
467
163
55
2
441
448
119
518
516
102
721
112
112
33
42
17
532
441
40
229
194
99
263
379
215
126
126
491
232
459
567
624
398
257
61
170
62
518
254
267
607
334
267
96
383
194
206
498
593
325
368
423
383
69
117
119
120
601
569
104
158
375
577
64
112
125
592
325
112
651
354
22
636
486
197
261
278
112
686
729
155
287
639
27
319
532
204
276
483
351
366
363
452
111
636
113
645
141
66
149
438
36
84
673
549
641
438
467
557
651
628
71
103
363
438
557
458
391
215
262
219
445
726
427
532
619
89
276
398
329
293
297
616
384
498
66
395
84
312
280
149
460
428
280
384
573
599
424
142
441
266
617
117
105
219
571
428
682
144
347
122
122
36
117
366
458
253
688
27
601
513
198
411
646
431
368
204
457
583
15
290
106
411
103
410
452
363
554
38
549
23
478
86
113
693
516
625
428
563
549
658
122
146
290
293
455
155
712
399
628
629
321
182
345
166
518
637
479
269
451
382
111
359
133
482
98
185
401
81
53
22
359
723
242
143
147
283
642
40
64
456
118
474
172
656
39
58
142
111
187
328
441
221
216
131
461
161
535
491
250
640
466
144
303
337
528
203
661
614
470
382
305
203
21
455
87
326
638
648
458
21
57
124
462
497
216
76
483
303
118
703
160
120
148
220
50
195
708
392
704
226
58
563
320
384
534
207
552
534
469
577
620
480
60
384
392
617
117
731
617
70
6
125
0
549
103
192
534
601
663
486
573
573
214
547
305
401
648
720
639
591
620
416
125
275
639
689
650
563
88
112
362
547
194
323
427
631
688
718
185
427
563
695
58
388
632
112
631
125
703
131
307
469
359
427
411
113
439
630
710
575
645
265
120
18
577
689
508
623
138
617
62
23
256
131
292
272
245
355
121
366
477
535
623
280
98
123
152
686
388
98
518
538
113
2
366
102
230
123
47
550
407
552
618
508
563
85
630
103
575
348
211
471
575
664
7
631
242
253
329
157
103
664
135
563
573
24
109
26
137
138
223
297
133
535
618
598
513
534
616
590
533
431
620
679
707
631
163
109
159
465
68
579
390
25
304
4
49
622
80
78
121
59
78
90
394
65
134
78
675
593
103
122
127
387
713
375
40
162
485
119
470
315
622
531
349
705
541
163
435
437
223
507
122
65
354
386
618
468
588
409
19
266
416
121
657
312
468
351
222
417
38
92
623
654
289
717
468
121
488
346
147
713
113
486
127
483
427
500
225
556
217
218
577
707
431
710
139
38
8
183
177
618
275
123
694
139
417
225
154
365
127
431
703
28
259
368
297
368
315
203
143
136
412
585
153
487
231
692
258
521
726
118
636
325
451
150
121
444
591
629
696
629
630
327
416
700
325
80
51
644
127
127
714
2
631
578
722
444
643
262
541
139
25
633
658
491
175
55
350
471
657
47
207
487
108
542
242
664
647
640
76
675
71
334
143
624
648
683
154
310
728
143
121
121
101
694
158
147
70
2
176
7
526
495
104
367
636
125
147
662
19
47
154
676
125
150
51
310
609
23
648
108
105
556
675
540
234
328
328
520
524
484
454
264
680
629
631
212
177
297
219
49
105
159
127
212
454
78
25
327
538
39
78
524
100
727
151
334
23
149
54
105
494
658
54
210
349
22
123
541
249
260
346
454
688
530
713
143
223
30
69
51
127
152
640
667
47
510
30
690
100
332
100
90
151
524
524
253
624
16
121
664
329
671
165
489
572
127
608
608
50
96
458
50
203
151
577
498
662
349
116
630
375
299
154
1
349
611
330
686
330
95
436
486
653
154
621
209
65
525
331
672
157
177
156
204
269
571
588
299
164
690
632
436
330
282
394
525
63
444
576
728
525
313
49
164
577
128
561
123
680
632
444
161
629
475
407
444
302
672
68
437
688
266
414
202
172
579
538
668
414
167
22
444
405
137
608
133
611
592
267
138
653
154
7
611
691
126
199
338
579
729
209
123
444
355
222
661
410
338
167
444
160
707
323
250
693
323
693
59
451
557
444
138
213
666
243
180
229
673
641
267
602
134
323
388
386
449
360
151
300
65
287
701
197
251
572
42
632
51
470
153
383
528
622
470
502
134
687
489
459
397
138
209
707
440
10
503
28
173
718
215
530
538
5
368
64
139
149
311
40
579
548
134
174
149
448
495
134
139
288
65
548
285
20
17
235
89
636
698
624
262
358
171
698
471
381
428
61
351
550
278
628
483
700
5
166
10
134
572
61
172
170
507
285
249
606
8
131
166
402
497
621
596
48
537
123
621
389
323
248
468
95
422
499
636
15
30
373
653
494
165
260
122
674
595
468
73
320
671
119
308
595
472
33
586
429
503
385
521
158
142
439
449
686
361
700
393
604
16
393
118
133
319
657
169
174
97
652
670
604
51
139
592
51
136
248
225
91
122
168
59
260
583
626
193
598
372
483
658
65
69
94
653
554
622
714
175
370
700
221
651
64
276
619
126
177
700
600
589
190
234
33
29
184
76
171
604
711
345
364
569
700
667
177
366
64
100
11
95
550
154
336
205
300
388
2
417
153
107
699
49
490
195
419
318
708
327
708
25
345
443
655
459
234
168
385
140
595
316
619
280
265
255
76
505
125
138
185
26
114
467
137
280
705
280
168
106
378
181
215
302
212
16
171
499
691
48
177
378
628
629
173
417
629
228
610
727
552
552
179
171
271
69
237
31
110
666
205
403
130
552
700
419
401
655
130
443
118
340
179
250
726
168
647
428
297
456
269
502
228
451
419
668
552
533
164
279
64
252
553
146
41
232
443
134
464
423
177
49
133
451
25
150
199
563
178
64
168
594
458
579
254
40
70
8
64
19
57
67
134
719
583
491
68
594
180
354
207
450
67
553
207
207
176
145
207
683
293
566
294
474
36
172
62
407
177
463
302
486
472
223
286
220
573
172
199
95
310
609
628
685
282
407
172
507
699
153
367
244
583
517
151
628
379
629
30
583
251
674
474
35
670
95
278
277
75
205
255
12
85
102
318
85
237
369
342
154
362
294
671
140
561
556
326
472
87
430
719
152
168
172
245
6
185
262
719
588
342
174
693
379
717
229
180
366
183
604
79
588
579
628
277
25
181
585
711
256
307
646
30
283
475
159
216
378
117
183
26
168
283
327
401
500
153
700
164
449
369
685
633
75
139
345
193
274
396
703
154
353
56
110
3
152
548
353
637
146
640
684
136
583
726
182
536
127
705
120
708
476
174
154
429
150
183
726
728
334
62
669
726
190
244
413
596
539
730
490
676
417
458
318
8
110
413
405
374
500
174
94
22
661
363
22
180
183
397
265
682
677
679
290
703
37
574
371
223
363
182
373
548
405
290
152
369
363
612
175
363
539
422
606
612
684
317
8
643
299
616
182
443
476
464
373
478
35
612
290
358
421
186
102
76
664
437
168
421
197
721
208
247
318
181
245
310
94
401
470
8
556
207
32
232
688
248
333
150
401
466
729
406
119
459
209
514
354
195
503
2
677
682
450
2
68
423
726
442
680
164
540
263
126
233
574
608
630
164
262
373
647
197
372
476
431
657
155
615
349
180
201
230
633
450
214
226
221
284
286
176
661
353
669
271
208
695
406
612
466
548
694
164
72
628
218
267
417
110
677
368
708
395
62
230
511
542
59
553
48
632
63
201
62
633
120
638
208
286
680
205
208
42
30
39
0
267
220
180
390
677
41
596
695
18
331
5
165
139
483
703
243
92
37
670
564
679
309
48
405
695
729
415
209
77
225
422
545
97
633
314
130
196
249
97
89
719
454
267
196
672
74
150
200
685
48
150
86
268
386
233
652
94
43
74
591
397
31
502
306
653
672
201
215
120
566
374
561
104
273
613
685
516
641
480
230
418
358
20
416
397
338
29
536
224
209
456
709
196
518
150
114
668
504
78
75
516
542
337
74
528
560
251
96
180
64
671
352
276
315
706
451
58
397
67
331
168
120
73
229
292
1
308
397
285
463
95
454
565
71
223
595
682
155
233
250
211
609
338
685
685
409
707
539
454
647
286
718
592
43
306
128
305
671
232
454
698
480
480
307
379
26
504
306
582
110
405
701
398
43
128
266
398
162
547
398
36
22
731
456
725
16
72
404
654
606
594
8
2
285
291
128
575
606
354
8
666
445
390
70
115
453
197
726
373
316
296
731
16
152
567
356
89
72
165
481
34
208
707
172
55
587
3
524
47
376
450
398
545
599
134
45
224
147
226
128
438
262
619
228
599
321
684
280
517
28
21
15
646
599
415
456
202
46
202
226
139
10
459
202
226
123
685
171
384
191
343
196
398
588
422
625
616
233
57
575
380
398
325
207
183
104
67
233
620
465
199
234
285
655
561
347
3
81
428
125
356
325
537
643
128
702
83
647
183
292
166
177
720
645
199
250
524
676
590
666
644
677
158
176
724
628
606
171
422
351
591
689
125
199
689
686
628
235
193
158
38
510
568
72
329
182
23
398
43
606
676
166
190
235
516
36
686
598
547
20
516
236
238
322
376
571
196
224
655
676
186
524
131
534
410
159
570
96
96
238
516
181
270
545
219
18
236
38
192
78
685
541
99
676
239
14
654
200
411
189
555
555
236
653
678
196
411
555
182
194
105
135
558
350
701
315
261
673
199
350
111
44
357
564
632
294
687
65
257
340
119
119
564
693
63
693
532
715
70
702
640
380
654
343
444
380
54
590
731
718
403
216
606
659
133
316
718
371
648
450
251
535
43
159
204
535
314
278
420
673
214
558
583
564
222
531
652
567
709
560
535
240
545
575
202
535
63
577
299
473
181
88
625
672
88
228
291
241
33
147
288
277
238
626
338
180
449
136
288
245
531
348
500
261
569
644
484
238
147
242
242
271
625
626
32
343
451
500
247
673
321
87
197
387
337
161
291
449
197
616
198
338
202
219
343
240
479
85
322
654
698
292
33
545
655
87
345
239
135
115
245
325
561
647
465
59
592
502
387
52
575
403
171
131
8
701
505
45
616
386
473
723
702
441
52
512
22
449
615
148
89
710
643
510
648
654
201
702
13
19
317
171
692
314
76
247
615
343
402
657
62
292
510
117
176
449
29
442
450
119
248
235
78
465
678
360
657
6
39
6
580
112
407
512
541
133
445
29
396
80
180
499
248
618
386
457
221
474
257
602
386
31
558
335
490
402
3
602
591
368
672
60
681
507
325
113
424
486
486
63
673
289
238
224
119
403
161
722
402
233
269
479
646
489
141
172
247
196
507
83
589
619
148
141
678
138
678
301
222
465
350
247
557
207
141
161
387
136
669
575
675
98
188
95
651
298
197
207
317
248
339
178
475
533
394
19
246
51
133
277
116
256
387
711
368
140
639
130
225
658
550
593
576
571
317
479
193
323
183
459
223
434
392
337
87
253
610
424
392
414
414
598
610
567
247
451
372
116
115
574
214
86
479
567
95
666
588
11
286
49
140
298
518
86
607
695
335
230
512
607
698
574
591
187
709
116
376
138
87
598
256
60
188
258
414
421
529
658
529
12
9
330
681
218
583
697
63
610
484
403
653
341
263
23
326
671
648
41
425
60
256
349
124
653
86
348
35
676
87
124
342
697
263
343
337
457
597
342
226
8
264
598
414
60
163
698
640
502
447
127
561
161
729
619
305
240
86
706
333
52
242
197
14
411
711
447
376
602
250
260
589
211
235
149
377
257
218
211
282
167
586
196
331
658
620
447
60
74
380
415
713
14
84
127
257
411
131
431
99
311
100
613
49
91
724
654
120
589
507
690
99
261
620
541
709
6
156
130
620
234
93
268
398
141
336
706
141
8
242
52
715
702
720
55
589
240
647
323
563
402
484
648
232
134
261
202
3
187
506
684
264
3
658
398
333
435
221
640
398
133
87
527
689
234
172
219
275
164
543
234
654
264
303
278
437
707
89
262
564
279
115
257
442
494
261
316
162
685
494
168
456
84
498
704
281
704
268
522
689
227
289
540
234
416
521
265
214
276
262
521
680
640
658
522
172
618
452
217
331
480
188
39
702
30
435
244
292
711
641
0
586
48
190
579
227
326
715
635
225
651
200
569
726
221
26
253
660
677
273
224
161
72
196
211
182
282
30
253
514
475
181
231
281
162
220
33
657
3
21
372
213
183
188
213
698
335
466
213
584
702
58
209
381
628
669
258
683
610
553
415
335
225
274
462
307
465
220
287
258
274
379
393
172
723
340
393
180
361
268
723
339
361
338
586
361
506
208
297
208
386
528
328
261
574
196
727
244
660
462
708
398
591
441
18
263
669
128
663
588
141
136
239
677
244
595
245
467
297
239
88
398
82
41
415
171
418
619
491
498
479
508
467
245
252
193
106
665
612
586
532
602
379
634
658
332
573
272
475
528
556
704
638
239
592
4
205
128
624
337
705
320
273
291
722
405
182
567
635
487
8
418
418
436
284
453
272
637
201
696
274
229
358
284
15
164
210
99
522
370
157
107
658
689
240
279
251
393
393
288
705
578
677
436
272
706
542
634
238
677
275
271
397
32
542
639
670
183
471
32
320
141
164
515
203
30
247
194
572
247
28
216
566
249
535
608
144
586
180
650
400
433
4
154
463
166
555
478
641
586
712
424
669
589
57
249
457
354
425
390
295
586
257
458
678
390
269
424
144
84
441
295
162
424
477
314
5
130
424
437
148
85
319
62
91
429
413
99
588
296
400
437
424
37
165
485
247
130
119
127
593
203
424
561
188
378
158
667
291
292
296
268
212
672
6
239
623
225
284
257
474
672
209
430
592
295
218
578
210
285
620
441
554
705
80
445
247
247
103
643
285
333
576
643
82
3
459
631
650
80
87
298
250
715
225
232
270
273
266
629
124
291
141
715
604
362
255
220
581
297
270
722
12
90
506
52
15
27
362
268
299
268
284
589
420
404
158
629
28
172
645
538
668
619
241
417
142
619
51
579
668
701
674
303
142
240
516
648
689
38
195
303
339
475
295
300
57
330
265
142
496
312
208
224
12
575
638
341
492
189
518
311
188
195
482
58
676
54
192
614
515
629
370
184
88
479
388
155
91
193
90
653
416
521
151
266
573
9
311
284
9
674
312
475
331
110
162
313
49
291
650
638
457
680
538
342
681
718
376
415
6
559
306
343
664
668
119
166
18
287
116
476
279
163
15
391
200
425
115
313
691
185
554
313
332
203
476
476
505
269
410
425
319
425
714
230
349
220
141
710
284
479
674
559
58
52
25
559
322
687
220
236
36
184
492
589
667
673
523
548
659
233
105
303
101
694
464
643
678
190
402
495
691
313
321
18
723
111
19
262
212
666
189
704
276
248
639
281
289
375
187
353
146
475
638
708
357
376
357
571
666
496
687
116
652
330
27
284
36
638
586
627
284
314
37
705
693
358
42
358
641
101
429
132
465
231
23
678
666
211
144
315
166
158
656
258
312
303
325
303
58
317
226
176
307
483
82
490
336
692
340
283
334
712
136
705
9
46
311
333
623
283
623
579
705
642
676
159
233
324
423
576
482
356
46
647
455
363
683
660
63
355
231
392
325
363
245
579
120
300
432
705
324
515
382
579
40
324
159
272
144
38
315
324
327
0
623
322
712
643
496
527
310
541
695
310
218
591
159
293
275
279
684
455
619
660
669
191
9
327
672
264
496
669
85
207
210
390
717
657
90
328
328
144
425
634
708
310
652
165
657
373
309
687
704
23
658
51
438
252
375
503
23
136
523
315
577
722
38
19
57
350
14
643
174
346
330
724
518
443
85
124
299
62
9
423
190
220
577
383
596
705
707
693
142
189
435
242
179
224
259
309
238
324
238
267
357
675
148
704
547
515
333
295
402
154
129
82
664
374
218
526
159
238
318
311
423
332
527
305
650
128
262
624
146
581
659
101
400
334
591
302
331
580
361
391
89
391
556
96
581
27
574
330
106
109
106
135
330
681
305
650
581
433
391
400
332
97
62
340
279
184
413
360
464
345
332
271
427
214
44
82
530
464
536
145
223
281
330
612
26
247
723
15
313
348
283
704
296
435
425
434
73
365
133
334
647
683
296
629
486
87
296
477
131
614
721
258
403
15
447
624
408
647
526
458
313
669
106
413
311
587
413
483
334
394
319
678
616
375
704
678
323
88
629
643
287
538
706
417
580
15
328
294
254
538
575
336
286
480
62
417
394
297
336
309
341
341
286
30
400
394
344
668
648
538
511
334
392
21
226
540
169
646
35
496
241
344
435
709
344
161
676
491
298
665
354
116
278
295
241
657
411
199
618
85
589
361
460
118
323
473
153
332
36
323
28
692
453
380
408
506
408
567
27
20
408
691
295
315
473
101
319
323
346
434
318
555
144
412
243
233
345
142
239
686
694
142
311
148
136
190
618
441
414
347
400
91
618
399
318
241
321
447
323
361
152
486
697
498
249
520
46
8
332
321
173
91
270
329
178
173
347
347
711
37
425
400
28
214
506
39
440
723
132
213
184
371
654
675
279
664
726
186
324
711
135
393
263
229
697
179
47
582
78
400
316
200
589
170
15
712
291
347
560
524
727
414
176
261
317
192
28
414
400
279
514
438
152
584
343
52
712
192
262
287
592
726
590
612
353
254
408
380
263
379
102
73
414
389
319
433
680
335
561
346
355
353
254
412
66
55
78
211
165
390
402
469
698
211
67
206
441
469
729
61
91
665
371
254
665
380
37
562
412
11
630
457
686
491
117
36
153
680
184
149
224
247
268
313
103
631
679
725
315
517
383
680
200
420
562
91
355
359
51
450
292
31
604
494
188
90
211
390
341
730
562
465
106
73
717
426
557
343
484
359
440
294
473
520
124
500
678
395
392
33
124
661
656
704
33
137
241
355
4
56
75
360
119
357
630
687
10
706
36
652
355
712
371
593
56
148
91
419
721
274
89
490
726
173
609
335
185
134
328
51
274
714
421
578
656
351
419
433
437
210
383
729
715
355
704
299
442
372
520
614
453
260
184
68
317
712
704
388
730
436
303
214
530
482
210
424
679
348
653
377
342
653
573
695
35
348
362
33
268
246
360
402
494
192
578
286
115
442
564
348
277
725
508
336
272
223
267
336
562
40
461
58
227
25
495
356
72
487
192
461
554
34
487
608
730
594
56
148
487
139
307
458
439
694
699
608
109
85
337
339
285
337
349
348
75
54
157
297
575
562
665
471
582
554
630
260
551
178
669
697
459
276
337
290
720
312
559
84
551
630
27
495
54
47
332
367
364
275
574
574
46
471
17
222
503
17
502
557
720
248
361
326
359
557
633
352
315
7
47
315
51
278
23
306
532
327
75
362
548
608
367
110
367
72
594
131
486
34
94
237
706
126
723
348
82
520
11
218
163
348
101
372
165
592
113
580
582
143
66
624
139
374
594
692
716
282
582
360
624
709
541
179
643
653
690
37
716
555
155
615
301
286
148
546
557
1
623
715
509
314
269
348
29
244
237
558
374
257
712
496
79
369
666
74
615
254
187
226
570
727
184
184
674
367
329
261
355
571
653
593
222
68
257
612
571
439
48
644
637
411
309
496
75
615
378
669
366
2
571
182
543
58
104
290
156
369
70
573
644
615
321
192
279
253
1
106
374
364
364
113
496
378
237
431
456
52
146
411
322
54
513
321
432
548
668
205
630
89
548
268
322
268
55
367
252
500
365
185
219
364
201
154
321
323
609
161
270
404
404
130
423
209
340
293
530
32
650
581
699
407
312
404
79
670
575
214
340
219
366
42
446
435
543
383
412
341
340
178
61
235
176
84
165
635
696
698
700
606
113
214
280
312
294
204
436
407
383
175
542
140
728
706
377
634
31
697
363
706
25
31
369
227
309
20
330
285
364
568
116
520
665
78
158
352
31
176
173
711
264
384
213
617
330
381
407
228
622
530
285
96
113
518
384
202
192
321
87
65
671
111
528
127
367
82
565
229
18
617
463
541
321
321
437
245
252
694
272
242
271
384
545
229
699
227
727
55
526
245
334
245
56
560
167
487
272
185
56
320
24
464
568
245
12
362
100
245
568
583
582
253
271
464
221
329
392
603
138
421
138
258
616
499
390
274
723
98
416
161
421
689
333
597
60
272
413
236
289
103
163
182
387
350
156
504
383
222
326
326
70
487
393
416
134
320
393
635
192
90
565
565
26
163
414
308
514
565
397
24
280
451
644
565
277
404
285
326
697
434
314
539
586
412
699
349
369
690
7
334
365
520
47
406
463
257
156
118
349
450
441
127
442
8
519
38
530
543
699
507
581
352
188
72
175
635
656
561
519
531
175
14
568
96
568
588
128
316
597
615
337
34
696
73
359
443
709
316
444
367
85
635
87
105
131
249
610
572
406
286
706
158
190
387
286
442
272
641
618
75
232
531
175
121
186
632
168
151
20
122
703
180
346
3
477
286
143
153
423
603
519
280
634
126
180
504
249
686
349
108
575
504
377
315
235
221
463
393
296
258
56
22
519
367
22
236
428
279
682
519
478
346
92
102
572
56
504
13
303
387
265
495
531
575
477
214
466
289
692
17
316
506
172
445
266
48
210
95
291
291
194
65
602
364
339
210
690
109
291
538
92
391
188
289
634
555
70
456
697
410
22
315
13
360
372
360
99
145
99
295
331
410
717
127
250
30
73
209
578
22
292
437
282
547
268
668
397
594
491
138
717
687
331
355
397
298
703
251
711
717
411
317
99
210
193
547
307
266
410
406
665
545
725
411
446
519
187
95
344
338
631
492
75
581
634
721
227
234
693
704
423
230
620
234
68
369
125
196
362
582
506
160
151
379
408
257
307
555
538
429
408
142
435
435
234
575
387
142
11
16
142
529
337
447
684
651
686
406
410
236
112
388
99
213
354
546
340
406
665
410
6
693
370
302
111
387
496
494
591
704
388
436
593
188
200
728
120
412
123
387
224
576
695
342
455
389
455
523
208
327
20
276
410
547
112
382
299
455
634
542
666
455
253
338
242
3
402
22
176
556
519
188
698
633
513
125
506
8
526
30
410
60
187
387
609
559
135
495
411
404
138
267
204
405
18
423
248
297
119
582
186
597
459
338
399
412
655
338
335
399
338
480
376
428
523
405
93
410
380
331
157
374
197
412
27
533
237
307
310
430
650
519
488
488
42
58
584
514
120
496
82
399
519
472
21
10
381
459
478
536
609
472
518
334
627
401
627
301
410
567
490
488
675
277
144
488
402
336
314
111
385
478
488
178
309
495
405
633
404
266
20
466
374
145
280
533
132
296
487
487
227
404
414
472
118
66
364
90
448
449
216
670
621
703
523
75
609
95
430
431
286
523
584
341
410
40
410
69
329
231
163
597
450
156
238
37
601
41
247
83
257
83
66
486
542
194
13
478
412
341
217
565
42
710
162
460
250
684
413
253
132
161
514
443
173
312
87
113
293
211
114
430
435
432
565
610
519
461
472
696
195
660
629
42
160
511
441
590
341
511
267
262
380
137
221
547
241
523
253
83
432
627
375
708
80
432
147
351
714
471
148
672
107
565
601
715
65
13
221
147
24
349
207
542
484
411
595
166
597
261
420
434
129
691
281
248
425
154
434
284
458
434
498
581
230
260
237
134
386
151
264
533
45
29
533
223
303
542
434
437
288
511
440
580
684
539
642
634
448
250
478
675
624
6
520
462
549
236
361
61
291
324
463
179
109
287
20
273
510
179
319
510
170
514
463
548
644
443
402
34
61
528
484
319
725
420
448
83
34
580
713
28
219
390
691
702
131
118
540
719
145
719
462
319
324
129
125
407
432
346
549
161
548
615
561
145
298
514
14
58
463
513
569
227
113
344
607
514
463
263
500
133
514
463
15
578
728
692
462
540
446
78
463
318
227
432
590
590
615
580
549
610
593
615
272
613
347
468
134
205
128
190
147
331
178
68
5
286
426
147
578
156
282
607
315
426
132
107
717
604
584
370
436
111
210
485
604
210
587
587
518
382
499
604
282
315
24
624
171
377
471
354
478
509
394
469
171
270
668
509
79
56
608
32
60
119
344
683
195
433
222
210
608
421
683
597
390
390
150
120
660
448
211
403
647
195
251
434
228
578
449
505
57
505
191
167
5
300
344
342
577
550
448
632
670
342
0
342
446
577
448
114
598
130
6
544
453
640
179
415
432
367
214
627
525
525
591
172
406
344
701
117
278
446
318
246
452
433
633
333
446
272
324
320
299
117
584
320
453
317
302
6
320
12
584
448
436
630
66
302
685
413
633
282
366
191
631
125
448
425
367
252
140
119
362
587
537
143
701
448
179
324
454
637
423
41
61
229
289
509
139
454
366
132
284
195
162
587
513
423
60
657
227
39
157
259
140
613
446
442
634
541
637
494
495
405
672
446
9
105
714
108
123
79
208
614
662
217
619
67
289
228
493
442
659
704
518
401
442
135
446
249
620
146
619
97
282
26
642
139
581
335
521
314
446
314
53
701
450
457
571
322
642
481
370
269
20
208
676
481
322
277
448
234
446
397
506
133
454
31
541
464
577
221
143
270
179
383
109
143
692
51
296
0
296
384
171
456
470
634
296
419
448
150
322
179
506
600
134
714
455
316
236
149
324
401
438
384
526
374
640
505
124
637
28
91
725
544
725
336
231
662
651
278
316
345
255
134
506
148
642
24
641
374
587
355
228
716
492
366
89
88
138
537
563
275
450
471
146
150
150
502
343
229
351
369
696
511
107
48
351
465
656
492
351
316
12
560
372
189
663
356
458
20
461
645
74
234
708
60
60
614
356
368
184
391
250
316
416
689
293
533
331
448
391
448
60
241
373
527
428
572
447
258
112
636
356
31
419
565
509
199
213
204
356
46
131
424
409
402
637
685
146
16
111
373
601
697
424
363
38
227
332
135
336
453
428
527
455
246
652
614
345
247
450
104
119
492
36
80
21
26
731
282
148
696
135
544
577
461
565
372
422
94
679
461
583
358
20
359
303
375
455
462
602
362
80
423
502
203
368
6
96
187
461
146
704
373
445
473
281
522
295
525
130
532
166
288
251
47
185
325
469
486
140
156
453
592
167
171
260
469
490
378
542
160
473
453
679
162
636
181
465
284
453
306
16
175
439
557
465
210
102
187
354
551
464
110
625
108
373
625
694
439
333
451
593
467
471
408
71
241
492
697
275
722
721
338
462
620
116
471
211
461
609
14
160
729
676
308
116
151
203
198
467
376
181
466
5
472
668
415
242
409
63
452
641
586
95
606
483
595
178
526
91
722
675
0
108
211
729
578
130
452
177
12
376
41
45
710
90
102
711
616
542
5
121
117
457
455
144
722
29
179
318
220
181
468
148
485
333
347
208
679
468
727
81
81
15
560
363
263
243
389
728
572
35
269
124
498
467
330
292
354
467
375
680
683
490
91
444
239
255
397
468
713
255
403
701
178
282
292
566
1
222
359
81
357
670
522
292
182
359
248
359
77
613
636
292
683
513
584
572
689
30
376
539
281
470
624
411
566
9
566
107
292
536
388
281
141
69
307
264
212
245
472
468
468
118
719
468
484
502
81
102
572
98
18
467
526
522
132
603
226
98
682
473
359
367
566
229
266
641
329
555
467
473
230
213
354
722
391
442
243
179
28
98
23
293
268
135
284
49
98
474
105
91
218
452
44
198
81
428
680
605
379
77
528
81
571
392
455
675
63
408
276
409
217
482
164
368
501
487
470
123
447
579
455
247
369
647
693
494
54
474
468
235
481
600
625
177
69
727
44
35
47
130
257
71
156
375
696
369
469
637
231
289
554
401
89
474
400
469
540
392
75
165
289
288
625
474
243
29
727
162
637
16
327
217
384
728
703
468
691
706
19
362
231
459
20
634
569
459
474
482
459
199
472
456
169
474
450
359
472
336
550
401
177
5
264
281
253
159
430
435
418
642
398
372
34
53
318
34
587
435
153
275
141
462
470
641
472
444
115
462
636
213
18
287
50
45
430
288
430
592
728
366
435
241
243
642
123
143
507
33
718
159
277
469
468
144
692
435
730
417
723
689
300
64
156
650
394
90
576
482
401
238
277
727
21
393
77
394
666
679
494
340
470
667
667
467
482
224
279
418
471
33
362
481
474
71
159
261
240
513
363
432
32
57
42
16
566
467
480
69
4
570
282
7
39
483
279
434
75
340
472
7
242
481
108
470
714
131
217
93
258
544
362
177
230
159
481
328
212
283
217
381
242
146
432
234
260
467
532
664
731
47
517
349
226
483
313
465
487
252
251
186
665
234
310
156
474
305
647
472
589
500
420
381
532
589
467
703
566
576
80
332
622
625
379
120
277
189
559
82
163
212
163
566
559
350
439
75
401
279
576
381
589
675
457
120
138
200
666
569
483
651
708
58
318
540
336
465
478
46
69
89
518
34
540
484
540
473
488
496
204
576
63
716
485
86
31
613
470
153
210
178
174
334
216
669
240
352
363
720
545
167
349
470
378
518
720
668
281
731
640
355
715
696
572
259
102
337
401
146
473
566
485
715
311
213
117
482
367
485
692
374
30
524
124
4
375
647
524
524
91
578
514
483
378
645
598
337
183
4
488
481
173
489
136
508
378
651
63
322
682
329
434
687
710
620
680
668
375
262
439
174
204
594
333
90
291
346
259
690
566
265
473
259
636
187
75
671
488
19
144
130
74
251
116
19
594
212
215
26
372
62
565
389
252
151
250
709
402
52
636
120
536
96
483
709
689
595
689
130
294
529
18
9
426
710
504
13
66
710
488
131
439
9
628
502
489
550
442
471
554
409
429
535
294
376
543
671
77
212
487
489
492
131
77
434
241
487
236
102
361
77
679
709
678
636
308
252
682
495
376
428
598
404
302
26
525
456
292
650
542
9
79
421
165
269
96
540
508
474
120
493
457
92
508
622
692
269
501
457
189
77
302
489
655
512
271
268
616
651
79
290
409
203
454
505
551
204
489
489
479
272
317
159
457
621
361
594
102
1
670
177
489
718
21
223
277
224
288
331
9
404
459
684
652
490
278
497
144
688
638
75
520
143
497
594
599
252
696
502
46
204
264
686
496
682
578
271
572
550
101
165
200
236
364
189
311
553
710
497
144
204
179
305
665
384
166
491
45
466
489
662
491
704
275
189
564
454
197
13
461
474
572
490
206
731
88
454
22
461
489
678
28
697
189
452
3
601
91
512
684
227
310
204
185
415
306
466
391
492
217
122
197
271
322
526
345
228
200
546
662
223
179
493
685
461
374
61
313
567
83
294
461
328
17
2
244
294
341
14
162
517
621
638
709
68
212
439
571
280
233
671
264
156
101
439
493
444
329
491
275
296
296
387
255
43
705
323
384
317
488
328
497
512
311
231
406
108
432
69
491
517
255
114
541
232
250
582
594
505
466
703
267
225
186
386
695
275
80
592
528
96
682
97
85
713
80
539
122
80
461
641
389
85
215
464
476
251
215
489
74
454
96
56
11
535
713
39
535
33
288
491
272
672
499
13
622
233
274
112
156
10
85
696
534
518
496
470
489
552
494
54
650
504
654
80
390
137
274
542
568
559
589
159
16
497
581
492
568
662
221
707
313
227
14
185
498
470
616
25
130
480
347
260
554
509
476
559
695
359
648
265
330
430
725
347
174
305
375
330
488
725
124
530
555
101
308
599
295
460
101
161
345
461
672
642
500
4
430
290
512
543
493
288
493
342
674
405
168
629
270
560
662
504
477
290
462
164
16
497
497
357
148
193
368
592
504
368
478
489
390
271
217
357
684
310
497
4
198
45
702
493
156
7
503
228
301
132
593
318
481
509
522
388
248
512
236
31
399
246
691
156
88
319
525
640
477
460
291
713
189
204
380
288
324
555
217
64
600
217
568
399
183
357
357
532
235
312
213
136
440
493
396
49
74
510
534
334
294
494
235
352
435
101
302
396
437
357
566
86
683
85
494
636
523
396
80
399
368
522
508
391
562
435
460
533
601
302
227
246
574
327
407
466
347
582
88
443
512
530
385
260
355
622
545
508
683
389
511
479
490
303
108
644
104
429
699
440
230
61
388
493
162
662
500
252
610
139
358
429
458
725
563
440
713
253
492
680
194
500
508
230
355
187
470
326
498
498
87
498
500
86
336
488
488
327
657
125
304
86
144
418
415
539
534
44
20
627
26
587
463
41
276
440
469
358
497
587
502
500
175
37
497
213
157
492
357
664
649
40
540
342
44
473
21
529
500
378
484
90
72
286
622
71
349
521
593
290
357
593
41
39
263
62
353
582
364
62
683
62
485
456
236
473
349
464
61
8
621
512
585
118
725
649
221
211
357
431
421
311
381
318
584
440
422
539
290
240
318
656
293
358
533
389
431
364
290
295
421
595
514
512
27
422
440
457
36
298
242
38
509
497
198
422
458
497
24
294
325
385
362
485
499
338
656
159
75
21
521
555
540
212
157
512
493
105
157
149
484
680
475
545
510
633
37
577
133
4
565
512
515
673
601
92
522
541
274
509
347
195
580
133
516
509
256
409
649
180
560
493
116
17
599
557
281
404
385
285
283
122
506
510
503
182
599
669
183
145
506
355
374
659
717
569
358
542
511
90
249
569
689
119
18
437
651
263
608
329
515
373
456
479
420
48
534
417
459
176
479
73
294
479
338
604
516
409
190
341
161
403
248
597
479
468
294
441
174
511
731
511
409
516
568
122
305
436
460
666
552
67
363
701
343
23
420
603
701
564
154
409
608
610
331
517
574
479
430
234
78
388
280
463
439
404
209
409
510
203
603
404
321
543
517
716
457
561
478
63
550
194
370
155
514
365
544
365
677
513
630
14
514
414
305
370
45
521
517
687
441
99
280
365
174
655
280
81
655
666
517
515
526
233
292
387
590
233
512
519
603
274
521
438
517
512
616
173
603
172
47
172
228
179
55
498
517
196
521
461
428
44
438
275
126
562
36
543
544
501
401
228
379
476
476
507
244
182
377
281
730
114
445
423
187
181
597
127
56
508
630
486
132
116
53
659
163
655
149
634
619
108
702
282
163
144
660
730
76
663
6
59
515
152
515
502
118
562
14
517
508
562
394
15
73
626
418
353
584
510
356
214
246
43
442
71
136
442
607
521
75
503
8
388
155
45
701
169
65
539
318
353
379
59
55
413
606
619
237
285
413
539
628
567
147
373
558
264
133
450
521
264
597
264
522
413
218
665
602
15
554
401
642
119
568
510
409
155
541
602
684
90
86
116
85
331
158
129
322
598
256
294
707
11
498
378
578
229
49
63
302
312
523
519
360
248
517
319
524
697
707
103
335
14
250
95
608
320
517
687
151
659
567
41
307
285
438
438
422
337
121
580
405
244
317
626
375
360
504
543
498
590
213
334
491
76
360
293
393
575
664
594
272
264
46
131
698
515
507
198
693
519
283
523
163
176
586
373
705
712
129
516
476
115
586
706
57
684
590
678
712
707
714
556
220
596
319
14
600
383
502
725
136
311
282
539
642
223
697
442
32
664
149
397
596
283
513
611
688
353
586
615
443
667
396
680
519
130
498
709
130
495
516
295
404
85
507
283
220
565
510
516
678
352
88
620
237
523
150
88
81
71
626
88
245
667
611
442
513
440
245
259
504
667
417
639
42
87
226
208
679
524
1
518
65
599
511
31
105
303
303
649
58
522
521
442
642
526
181
716
692
660
530
462
626
422
662
625
707
539
357
422
263
422
285
406
621
626
103
176
637
155
523
664
6
539
345
389
213
21
24
546
394
122
244
367
713
394
541
24
467
122
184
525
508
23
53
462
728
524
525
346
716
679
336
394
324
35
306
602
222
527
546
68
682
143
614
111
483
140
205
74
68
422
697
718
593
165
549
673
226
659
115
106
672
407
42
296
15
339
120
4
143
73
525
422
84
501
65
514
501
176
419
198
523
250
249
462
633
108
303
516
252
259
339
606
549
540
3
642
29
696
431
695
639
541
161
431
408
638
502
205
726
6
307
11
703
694
471
258
621
205
558
14
107
523
649
527
596
700
626
3
718
433
538
50
324
300
263
75
628
638
46
240
527
265
554
661
729
84
585
243
355
152
152
716
128
511
136
661
639
38
275
465
233
161
486
639
11
185
396
722
183
495
416
322
710
527
251
253
716
53
412
412
517
508
309
82
311
527
566
600
501
585
731
309
498
549
374
718
469
528
368
361
479
556
474
549
517
173
527
129
523
384
178
260
4
730
572
407
701
19
365
528
46
125
260
295
524
348
295
26
695
309
19
449
514
0
173
528
702
161
720
104
592
529
249
572
406
540
531
549
591
352
82
28
643
654
29
600
95
29
56
45
616
532
222
365
365
712
314
7
651
35
511
611
34
540
543
713
527
221
436
534
53
511
511
482
451
420
524
451
436
482
710
95
490
718
543
434
528
155
13
584
420
527
714
482
420
382
182
722
654
13
529
135
185
529
160
530
76
141
524
527
349
199
585
703
606
198
484
543
124
638
390
485
246
436
649
61
280
518
527
527
313
18
76
203
316
716
629
606
236
145
471
236
211
606
446
1
690
283
707
527
151
260
100
649
413
716
335
124
278
73
529
647
198
389
476
77
27
535
122
712
187
100
11
570
15
199
213
386
127
137
413
529
155
525
9
50
388
188
464
638
3
513
530
173
525
531
152
1
89
451
295
525
708
557
5
35
450
86
381
209
504
155
264
473
289
187
427
556
628
83
186
690
278
48
277
99
678
209
61
138
76
517
101
166
382
433
323
538
95
135
402
667
530
428
640
473
26
21
538
662
597
145
177
110
35
111
530
151
16
99
548
137
69
264
358
146
339
16
696
535
672
621
588
662
310
281
448
145
533
353
138
235
367
530
11
154
358
224
539
198
301
386
184
609
51
465
650
155
513
26
614
460
83
406
83
404
59
68
533
531
208
137
184
184
531
226
522
147
11
99
140
23
536
585
200
342
549
200
534
681
263
335
406
101
366
45
701
309
553
439
192
663
701
101
137
190
190
253
267
135
482
482
440
377
578
550
155
89
611
144
614
198
214
580
637
14
638
566
676
228
625
347
621
317
645
235
367
228
279
576
13
224
146
522
235
522
59
393
543
73
169
406
311
532
406
552
664
458
482
632
483
252
57
71
228
655
672
238
439
698
526
114
686
124
321
135
361
550
531
280
258
560
327
581
416
229
22
256
105
316
633
444
544
645
429
450
494
711
77
617
347
406
249
722
585
332
320
225
63
350
70
571
535
436
308
359
34
241
553
499
499
177
359
594
314
364
312
31
364
35
507
535
536
499
564
544
614
427
6
426
96
216
499
54
544
531
538
266
612
508
1
315
644
148
533
364
256
681
248
186
466
427
256
287
57
170
140
379
3
212
536
677
4
527
12
313
429
86
124
58
64
549
458
287
214
466
513
70
329
531
380
640
28
589
713
548
714
530
544
535
713
113
554
590
700
711
585
645
11
466
59
241
438
585
27
199
152
69
648
198
660
670
525
687
544
714
671
667
525
594
283
556
340
201
553
612
345
182
455
275
611
207
477
477
504
568
580
273
552
719
503
557
544
705
34
504
456
477
198
666
504
633
208
309
504
375
454
549
409
21
71
709
635
535
167
72
702
644
723
613
0
586
26
544
544
90
342
454
399
71
700
592
87
342
502
499
378
538
555
568
43
281
10
557
618
426
520
340
35
314
302
499
344
649
312
399
23
454
273
563
399
314
34
416
2
29
12
223
528
445
562
720
725
567
333
423
552
37
129
10
438
65
552
308
244
279
714
15
223
654
278
133
71
84
673
708
12
24
71
716
637
167
567
44
283
415
640
312
731
700
446
562
595
157
41
438
41
86
446
41
446
157
464
561
564
649
661
661
633
707
8
483
68
273
722
565
243
244
605
43
34
283
494
92
150
170
136
721
48
588
57
57
214
59
566
213
587
625
428
353
38
152
337
633
554
169
45
644
128
299
32
266
410
446
108
277
682
61
675
537
140
410
293
46
528
173
648
496
568
90
333
13
378
548
437
559
46
265
656
235
548
251
669
276
284
223
570
617
650
496
70
439
86
617
603
147
614
568
304
674
687
313
235
395
284
641
287
568
646
362
490
554
453
31
128
37
559
147
13
287
171
263
585
180
558
346
304
694
105
700
154
390
717
170
160
195
708
229
570
275
198
215
648
666
464
270
545
694
82
145
222
529
102
216
445
295
562
570
303
585
485
620
50
276
325
235
394
574
564
603
295
216
198
396
299
224
421
97
266
178
278
576
283
645
697
10
106
569
708
460
207
88
11
570
551
68
281
564
262
453
707
719
372
456
77
82
70
648
583
270
574
77
551
225
320
16
19
82
550
341
562
262
147
607
303
257
723
545
153
564
2
259
276
545
576
193
343
661
268
246
58
325
570
258
580
627
356
394
372
213
328
65
700
186
319
165
322
476
545
489
450
188
274
545
206
402
444
189
366
206
178
255
641
283
377
467
16
315
392
65
86
551
673
94
19
611
82
464
436
82
152
684
562
585
329
343
315
376
200
222
717
389
141
241
582
94
72
362
28
7
337
0
389
498
254
659
386
433
44
193
301
90
29
297
274
7
530
35
304
32
582
287
618
600
79
667
214
310
582
312
96
186
663
108
230
191
432
191
178
123
274
367
432
101
678
432
170
85
158
279
500
618
335
417
417
377
351
691
193
343
159
580
110
318
652
105
347
361
552
349
225
584
360
62
506
444
230
246
157
731
423
10
256
274
45
360
623
343
259
94
105
326
553
610
293
347
469
369
339
16
412
310
191
724
71
724
104
339
24
169
590
143
660
141
379
225
632
91
533
383
396
490
699
302
48
326
396
469
39
661
39
201
79
529
481
383
613
713
192
192
83
501
118
30
710
30
39
160
191
479
383
385
660
351
54
580
369
386
192
529
386
389
626
469
326
383
369
391
664
23
18
157
559
222
339
239
596
300
62
391
590
259
634
687
570
10
718
580
215
102
325
72
269
64
391
553
553
656
659
128
716
580
630
605
151
564
118
641
582
374
135
181
42
5
433
118
490
195
160
512
72
458
595
574
462
98
72
118
387
216
54
279
360
466
42
131
183
377
273
498
385
556
452
553
0
10
372
605
601
658
142
266
590
210
328
480
418
318
289
718
660
344
584
605
389
717
418
5
418
132
433
607
687
437
560
111
77
0
596
30
279
451
35
11
475
581
645
184
260
61
651
433
76
596
0
603
254
292
641
93
688
358
76
22
76
445
148
656
222
651
37
603
603
253
431
611
107
623
431
529
421
612
529
157
496
634
385
613
109
489
600
374
41
484
421
45
40
584
665
157
556
229
486
572
582
352
487
271
269
560
149
646
665
603
181
591
612
374
223
364
550
487
421
487
664
462
634
223
730
430
29
151
587
10
421
175
430
431
431
12
576
445
42
407
97
0
0
66
550
178
240
513
104
436
321
186
649
57
630
403
93
66
576
603
610
33
566
564
417
0
471
612
320
48
143
596
365
649
574
607
614
19
596
600
603
224
18
415
605
480
612
491
533
220
714
623
613
491
261
699
10
729
550
665
116
634
294
617
598
632
699
100
1
17
200
153
365
596
142
598
244
730
692
630
10
151
304
710
10
195
414
174
132
606
88
415
694
584
614
230
601
153
60
128
238
710
657
191
676
5
415
25
667
132
52
494
275
289
62
310
243
550
573
483
137
326
558
596
389
699
595
61
13
286
90
190
501
160
356
561
514
94
718
615
99
615
167
587
293
329
414
586
617
388
54
414
38
691
530
718
33
425
716
390
385
189
64
100
485
460
164
719
568
598
621
191
324
324
595
617
10
655
496
622
625
132
621
462
55
356
620
526
595
34
591
290
688
60
365
170
464
584
595
698
17
87
97
569
600
7
50
614
149
191
115
622
646
176
614
344
305
569
151
94
639
175
54
17
174
340
619
296
86
641
9
9
616
731
464
556
165
688
273
595
628
38
362
297
416
589
323
698
622
405
100
1
564
258
27
562
502
392
431
10
77
38
166
623
136
257
302
613
613
637
709
5
475
344
208
637
191
53
6
684
191
38
321
397
198
80
9
445
508
490
335
464
680
618
708
724
73
623
338
439
343
409
701
718
617
611
378
620
710
708
15
33
481
363
196
164
82
160
377
188
615
415
242
530
2
44
265
722
236
552
247
552
390
558
658
561
181
687
416
715
377
14
125
692
676
2
38
508
270
169
339
20
111
510
229
623
346
249
256
191
1
653
201
278
611
379
167
129
273
12
278
25
129
19
158
481
289
313
110
309
553
311
626
273
132
553
599
314
152
599
691
355
611
170
627
486
727
18
623
688
583
117
296
379
118
522
98
197
56
558
122
441
730
162
731
481
345
626
652
553
406
503
621
660
34
248
556
414
373
165
578
552
206
706
361
522
92
653
155
692
703
432
72
662
666
55
620
481
617
610
48
274
653
701
305
112
117
39
259
631
434
615
434
165
627
428
705
696
12
199
55
57
70
104
227
510
617
199
158
206
510
623
613
149
510
645
631
627
475
174
244
596
623
688
186
293
701
510
174
671
570
170
400
615
599
662
210
627
4
70
613
70
475
626
140
427
611
427
627
626
354
227
400
111
472
655
644
423
39
7
154
186
382
50
567
581
645
631
269
611
235
174
269
300
290
78
526
195
181
183
55
188
721
554
457
309
160
664
50
505
192
201
87
526
721
162
451
408
700
1
622
313
332
191
616
20
132
62
652
376
293
299
391
208
242
269
207
238
680
146
644
93
209
697
195
650
42
653
207
616
89
565
280
238
17
587
563
132
256
635
408
336
430
408
300
109
691
44
626
274
285
554
432
671
51
556
335
707
182
570
286
237
584
336
635
195
311
614
667
352
595
614
609
430
440
288
672
106
89
29
152
593
175
533
297
164
126
673
371
341
445
341
80
240
13
320
522
635
533
381
657
472
153
670
635
256
341
4
140
656
194
126
635
497
456
475
611
643
249
212
659
41
296
155
506
241
266
570
551
596
266
631
609
471
603
317
51
229
35
237
635
175
288
657
645
322
324
110
661
163
507
348
228
102
341
197
22
190
175
178
106
439
332
321
391
484
180
526
181
710
200
574
18
106
673
221
667
432
117
660
244
644
109
392
276
691
515
686
57
451
663
690
246
257
478
400
270
189
515
621
343
256
574
619
251
615
109
228
356
276
652
176
686
354
304
325
674
388
2
715
106
484
622
2
484
687
391
215
28
364
51
491
341
43
261
644
354
291
364
341
588
578
686
440
674
50
528
420
103
53
19
729
53
296
578
167
426
140
332
601
126
485
267
56
481
485
115
596
353
49
237
574
433
674
179
233
20
651
693
348
25
291
126
261
145
376
724
81
574
49
198
244
693
674
724
25
40
246
162
240
123
599
332
417
682
175
515
581
690
110
327
669
246
485
317
276
79
81
382
55
452
69
317
541
256
663
335
706
677
583
41
277
429
180
711
622
622
433
56
677
465
11
240
149
433
485
649
170
593
104
373
537
333
160
232
215
152
12
677
380
312
677
373
216
84
117
729
211
153
543
389
123
43
332
591
149
507
49
427
226
344
133
627
438
679
269
348
209
680
5
495
107
724
646
495
593
598
43
605
107
30
537
682
495
526
681
365
365
176
345
729
193
230
684
537
21
631
117
108
587
348
675
194
166
332
173
212
21
212
585
374
105
632
311
207
43
282
649
644
189
644
681
69
186
453
518
387
107
270
383
673
599
609
665
427
160
427
427
727
412
222
597
7
387
686
457
55
106
621
11
111
70
507
514
597
85
607
573
70
599
164
685
679
635
708
77
416
613
46
305
255
412
546
289
69
679
719
334
376
521
681
107
36
123
175
632
3
265
115
558
714
289
372
40
259
685
221
317
135
470
679
657
345
679
546
388
546
348
111
328
368
537
316
218
137
260
581
724
149
79
557
111
586
157
382
632
74
531
660
234
546
93
24
5
328
559
631
655
704
197
681
721
50
29
28
670
150
220
135
199
372
625
652
714
44
272
101
240
13
328
116
72
637
550
267
137
18
220
557
682
139
337
358
690
1
106
727
651
585
3
171
564
187
167
298
13
92
37
224
194
281
627
656
627
265
427
273
299
186
521
537
531
627
171
252
239
17
273
658
671
674
552
36
268
64
103
268
45
299
274
495
560
328
345
357
724
590
605
19
643
110
610
583
194
43
602
54
251
31
358
305
139
681
681
158
58
251
156
443
186
610
434
329
174
694
310
192
60
255
502
437
129
133
600
599
196
24
47
382
693
235
605
160
645
313
694
610
250
526
154
609
562
721
609
605
699
729
255
37
65
140
377
246
486
273
132
12
320
200
24
278
205
357
726
602
661
287
103
47
592
17
719
59
177
174
11
649
290
335
474
302
557
193
331
194
605
264
205
32
167
212
60
676
705
112
448
221
443
376
116
110
443
32
528
695
187
395
602
178
605
351
356
340
604
193
636
78
695
609
327
585
69
667
434
136
287
716
2
176
670
346
313
604
170
177
690
240
451
658
320
459
312
488
607
702
302
402
178
603
674
236
670
193
209
252
209
273
363
287
300
369
409
219
258
346
191
108
70
460
594
663
228
66
4
205
532
27
509
186
594
702
0
79
206
196
255
47
509
532
682
558
513
227
392
153
156
35
240
289
395
370
456
218
164
319
652
661
683
532
429
244
276
437
729
600
112
379
77
49
696
610
509
146
492
655
509
426
112
68
249
392
674
263
542
270
369
458
270
191
393
79
642
270
369
126
173
692
66
79
99
124
141
173
659
91
662
100
205
141
94
211
199
142
215
205
206
215
217
218
168
255
284
300
219
219
262
298
299
299
305
300
169
306
66
309
307
67
66
67
79
309
319
326
169
231
330
243
340
352
67
352
342
79
306
307
232
114
346
381
254
351
381
306
381
326
308
352
353
326
380
350
79
350
342
352
346
381
370
381
92
114
83
382
384
392
350
92
93
231
352
398
405
307
405
114
370
380
392
407
308
400
308
401
304
308
404
405
659
407
408
371
409
412
413
425
415
425
395
169
411
399
425
66
426
419
350
415
418
419
371
382
67
421
420
67
92
202
421
370
395
371
443
424
425
426
425
426
430
460
436
440
443
445
447
460
468
509
469
452
93
92
452
452
453
460
472
463
475
463
478
475
646
477
478
480
481
482
493
503
503
509
501
503
516
523
505
93
93
92
92
93
100
426
114
114
534
114
636
114
121
169
201
202
201
473
509
512
516
523
202
202
206
218
231
231
121
232
298
301
304
304
308
306
306
308
350
370
371
67
206
92
93
216
100
114
121
231
371
169
642
382
